%YAML:1.0
---
K: !!opencv-matrix
   rows: 3
   cols: 3
   dt: d
   data: [ 5.9079465465496742e+02, 0., 2.9925055050861289e+02, 0.,
       7.9039223509203521e+02, 2.2875742909037618e+02, 0., 0., 1. ]
D: !!opencv-matrix
   rows: 1
   cols: 5
   dt: d
   data: [ -1.3632035783687887e-01, 6.9565979304578629e-01,
       3.4814617787459687e-03, 1.7529481908254267e-03,
       -1.1150447634770797e+00 ]
board_width: 8
board_height: 6
square_size: 2.9999999329447746e-02
